4
11
12
4
41
13
13
7
9
5
13
6
9
6
38
11
45
14
52
10
50
20
31
31
30
31
33
14
12
66
48
19
16
39
3
22
25
61
53
32
54
23
27
9
34
19
24
30
43
30
17
36
47
38
13
49
34
21
24
59
44
20
21
48
10
36
37
39
9
19
35
25
9
22
39
34
26
55
39
14
26
51
40
45
36
72
19
21
47
35
46
13
10
42
58
44
40
28
23
9
40
75
31
30
17
40
22
20
22
16
13
18
39
32
9
23
31
19
38
32
24
25
52
23
18
67
55
39
19
39
55
30
24
37
32
22
33
57
57
43
21
29
55
33
37
12
45
13
43
23
38
46
72
54
58
31
35
62
97
45
44
40
19
26
26
54
26
30
52
45
17
15
19
24
56
25
0
16
15
19
14
31
53
28
17
32
30
30
18
32
41
55
77
29
38
15
33
