2
6
4
2
13
5
5
2
2
2
6
4
4
2
17
5
20
8
21
3
25
6
15
15
11
15
16
6
6
27
19
8
8
15
1
11
9
23
20
15
23
13
12
3
13
7
11
12
19
15
5
17
15
14
5
22
12
7
12
21
17
8
7
19
5
14
17
20
4
7
14
15
4
11
17
15
11
18
17
7
10
18
17
19
12
30
8
8
20
9
22
6
4
20
24
20
18
10
11
3
15
26
11
11
6
17
11
8
10
5
5
8
17
15
4
10
17
10
16
14
13
11
23
13
10
30
25
17
9
16
20
12
13
17
13
8
14
25
26
20
9
12
25
14
18
6
20
4
17
13
16
19
27
23
28
13
12
26
47
24
20
18
10
10
12
17
12
14
21
19
9
9
8
9
25
12
0
9
8
6
7
11
22
14
8
15
13
15
8
11
16
27
28
14
15
4
14
