2
8
8
4
25
7
8
3
4
2
10
4
9
4
22
7
33
6
29
4
30
13
22
25
17
22
25
11
9
45
26
11
12
28
2
14
12
35
32
20
35
22
20
8
22
14
18
18
35
28
10
26
28
27
9
31
20
12
17
37
32
13
14
34
8
24
21
30
6
14
24
22
4
15
22
19
18
31
24
10
15
29
26
25
24
44
11
12
33
19
30
10
5
25
39
32
28
19
17
6
31
45
18
19
9
30
15
10
15
9
6
13
21
23
5
15
18
13
24
24
21
14
35
16
15
46
35
21
13
28
29
20
20
27
22
10
19
34
35
25
16
20
37
22
26
9
29
5
25
15
29
32
47
30
42
21
21
43
65
34
35
31
16
18
21
35
18
23
31
26
10
12
13
16
37
19
0
12
11
11
8
19
36
19
12
26
18
22
13
14
26
39
38
24
27
7
25
